                   0
                   0
                   0
                   0
                   0
                   0
                   0
                   0
                   0
                   0
                   0
                   0
                   0
                   0
                   0
                   0
                   0
                   0
                   0
                   0
                   0
                   0
                   0
                   0
                   0
                   0
                   0
                   0
                   1
                   1
                   2
                   4
                   6
                   7
                   8
                   8
                   8
                   9
                  11
                  11
                  13
                  14
                  15
                  16
                  18
                  21
                  23
                  23
                  23
                  64
                  96
                 100
                8192
               32768
               32768
              327688
             3145728
             3145728
          4356732406
        137438953472
        206158430224
      94482562515817
      94482562515817
      94482562515817
      94482562515978
      94482562534712
      94482562534712
      94482562534712
     140262526699551
     140262528511760
     140262528667712
     140262528732398
     140262528835305
     140262528880704
     140262528880704
     140262528885472
     140262528886784
     140720308486145
     140723920491264
     140723920491552
     140723920491744
     140723920491744
     140723920491744
     140723920491936
     140723920491936
     140723920492080
     140723920492216
     140723920492216
     140723920492216
     140723920492240
     140723920495682
     140723921424936
     281470681751424
  473433882969466112
  473433882969466112
 1844674407370955161
 3399988123389603631
 3399988123389603631
 3472329188772416920
18446744073709551615
